1 0.183 65.99395704269409
2 0.245 66.32520580291748
3 0.21 66.30218243598938
4 0.204 66.57873344421387
5 0.204 66.13696479797363
6 0.201 66.13717484474182
7 0.202 65.96733856201172
8 0.2 66.10635328292847
9 0.201 65.96000242233276
10 0.197 66.22196793556213
11 0.206 65.89044904708862
12 0.206 65.92611742019653
13 0.218 65.95949649810791
14 0.227 66.02653169631958
15 0.239 66.24958634376526
16 0.238 66.50856065750122
17 0.242 94.60943078994751
18 0.253 65.93378353118896
19 0.259 66.46764373779297
20 0.261 66.00598549842834
1 0.154 152.9832968711853
2 0.2 131.4091100692749
3 0.168 131.73673486709595
4 0.161 131.60025072097778
5 0.17 131.71409034729004
6 0.166 131.68301439285278
7 0.164 131.62619352340698
8 0.167 138.2329022884369
9 0.163 139.2257046699524
10 0.169 131.60252499580383
11 0.162 155.17482209205627
12 0.163 150.5557131767273
13 0.168 134.9291868209839
14 0.176 131.57470154762268
15 0.171 131.7094702720642
16 0.171 157.1179232597351
17 0.172 131.63513255119324
18 0.176 153.66751742362976
19 0.176 131.8223466873169
20 0.174 132.81219339370728
1 0.15 198.80699253082275
2 0.182 269.2271740436554
3 0.138 213.58371996879578
4 0.139 198.3388593196869
5 0.14 198.608704328537
6 0.142 223.2548794746399
7 0.149 198.2538619041443
8 0.148 198.40066289901733
9 0.145 198.57330465316772
10 0.149 198.3840925693512
11 0.149 198.79934215545654
12 0.148 211.9716920852661
13 0.138 208.84329104423523
14 0.143 209.48868060112
15 0.146 200.45151710510254
16 0.15 198.58084201812744
17 0.15 198.66559076309204
18 0.155 198.69677138328552
19 0.157 198.59398102760315
20 0.157 198.49118494987488
1 0.148 265.6077516078949
2 0.168 265.52736473083496
3 0.132 265.154189825058
4 0.138 265.14056515693665
5 0.137 271.8709325790405
6 0.137 268.0675597190857
7 0.13 265.85707116127014
8 0.134 266.2343952655792
9 0.14 266.08804178237915
10 0.14 266.1777377128601
11 0.134 265.41845440864563
12 0.143 266.40389466285706
13 0.143 270.24483370780945
14 0.138 265.1609592437744
15 0.141 264.93060088157654
16 0.137 266.31005454063416
17 0.136 311.1044120788574
18 0.139 276.197954416275
19 0.141 277.0193336009979
20 0.14 289.2608642578125
1 0.143 338.9015758037567
2 0.162 331.5621454715729
3 0.131 331.1450049877167
4 0.13 331.09755659103394
5 0.128 331.0685064792633
6 0.13 331.3808479309082
7 0.119 332.73586797714233
8 0.126 330.97638607025146
9 0.128 331.12226247787476
10 0.135 331.2340271472931
11 0.126 331.23504304885864
12 0.125 332.6827952861786
13 0.13 331.51326870918274
14 0.13 331.14249300956726
15 0.132 330.73727774620056
16 0.132 331.68528938293457
17 0.135 330.99652576446533
18 0.132 343.715393781662
19 0.132 331.11659717559814
20 0.133 331.0436444282532
