1 0.2 100
2 0.1 100
3 0.16 100
4 0.23 100
5 0.12 100
6 0.20 100
7 0.212 100
8 0.293 100
9 0.23 100
10 0.32 100
11 0.22 100
12 0.42 100
13 0.32 100
14 0.12 100
15 0.02 100
16 0.122 100
17 0.52 100
18 0.22 100
19 0.12 100
20 0.28 100
1 0.02 100
2 0.81 100
3 0.156 100
4 0.243 100
5 0.132 100
6 0.20 100
7 0.2112 100
8 0.293 100
9 0.253 100
10 0.382 100
11 0.22 100
12 0.402 100
13 0.3002 100
14 0.012 100
15 0.002 100
16 0.3122 100
17 0.352 100
18 0.22 100
19 0.312 100
20 0.428 100
1 0.12 100
2 0.12 100
3 0.136 100
4 0.243 100
5 0.1232 100
6 0.290 100
7 0.2112 100
8 0.1293 100
9 0.323 100
10 0.32 100
11 0.22 100
12 0.542 100
13 0.432 100
14 0.212 100
15 0.102 100
16 0.2122 100
17 0.522 100
18 0.322 100
19 0.12 100
20 0.28 100
