0.937 0.3234710693359375
0.935 0.3468210697174072
0.947 0.3817007541656494
0.948 0.4576857089996338
0.945 0.45570921897888184
0.948 0.4530644416809082
0.947 0.4573392868041992
0.953 0.4529290199279785
0.95 0.4649350643157959
0.951 0.46561479568481445
0.951 0.46004199981689453
0.949 0.4616055488586426
0.947 0.45894455909729004
0.947 0.46311497688293457
0.947 0.45913100242614746
0.948 0.46007299423217773
0.949 0.45996832847595215
0.942 0.45911359786987305
0.945 0.4577186107635498
0.947 0.4604372978210449
