0.926 0.363689661026001
0.931 0.3732466697692871
0.926 0.40557360649108887
0.925 0.4825921058654785
0.922 0.48914051055908203
0.925 0.4865086078643799
0.928 0.48883676528930664
0.924 0.4832448959350586
0.924 0.4850320816040039
0.9299999999999999 0.48765039443969727
0.927 0.49587488174438477
0.924 0.49810194969177246
0.922 0.49900102615356445
0.922 0.4932217597961426
0.923 0.48721861839294434
0.924 0.48908114433288574
0.924 0.4955778121948242
0.924 0.4878809452056885
0.925 0.49621057510375977
0.927 0.48710060119628906
