0.907 1.2048821449279785
0.921 1.2634425163269043
0.912 1.2571210861206055
0.916 1.3631455898284912
0.922 1.3518123626708984
0.924 1.3552882671356201
0.921 1.3841001987457275
0.9319999999999999 1.3655040264129639
0.9299999999999999 1.343843936920166
0.929 1.3655693531036377
0.929 1.3743762969970703
0.928 1.386751413345337
0.925 1.366541862487793
0.925 1.3632752895355225
0.927 1.370025873184204
0.927 1.367908000946045
0.926 1.3725767135620117
0.926 1.392514944076538
0.925 1.3925414085388184
0.924 1.3803365230560303
