0.916 0.27994823455810547
0.9 0.30295610427856445
0.904 0.33004021644592285
0.902 0.4177279472351074
0.914 0.4162464141845703
0.912 0.42466259002685547
0.912 0.41483616828918457
0.911 0.41585803031921387
0.911 0.417982816696167
0.911 0.4257040023803711
0.91 0.42408013343811035
0.911 0.42258524894714355
0.912 0.42461109161376953
0.914 0.42102932929992676
0.906 0.42266416549682617
0.905 0.4193272590637207
0.902 0.4201476573944092
0.908 0.4195694923400879
0.915 0.419858455657959
0.916 0.4222595691680908
