0.945 0.2967984676361084
0.937 0.3177962303161621
0.946 0.34779953956604004
0.933 0.42969703674316406
0.937 0.4298834800720215
0.9359999999999999 0.4291493892669678
0.942 0.43148064613342285
0.946 0.4283158779144287
0.952 0.43108296394348145
0.947 0.4303417205810547
0.943 0.43566131591796875
0.946 0.4416980743408203
0.945 0.44469141960144043
0.944 0.4370572566986084
0.946 0.43656301498413086
0.953 0.428694486618042
0.951 0.431105375289917
0.955 0.42825984954833984
0.95 0.43398118019104004
0.95 0.4308438301086426
