0.907 1.3618309497833252
0.918 1.3911056518554688
0.917 1.4465010166168213
0.918 1.51741623878479
0.911 1.5076618194580078
0.92 1.5210609436035156
0.921 1.5311369895935059
0.922 1.5196566581726074
0.927 1.5086042881011963
0.923 1.4933605194091797
0.927 1.5076704025268555
0.929 1.4963185787200928
0.927 1.5057454109191895
0.929 1.5072853565216064
0.931 1.509842872619629
0.933 1.5171618461608887
0.931 1.5016355514526367
0.9299999999999999 1.5035803318023682
0.926 1.5340495109558105
0.9299999999999999 1.5092167854309082
