0.949 0.30543971061706543
0.952 0.33168768882751465
0.954 0.35867810249328613
0.957 0.45108485221862793
0.957 0.45067429542541504
0.962 0.4449496269226074
0.954 0.4442615509033203
0.948 0.4453756809234619
0.948 0.4472975730895996
0.943 0.448089599609375
0.942 0.4477882385253906
0.943 0.4489727020263672
0.945 0.4497385025024414
0.947 0.44869542121887207
0.95 0.44572925567626953
0.958 0.44649338722229004
0.955 0.44760560989379883
0.957 0.4495563507080078
0.959 0.45255446434020996
0.958 0.45214390754699707
