0.9339999999999999 0.3493368625640869
0.9359999999999999 0.37419962882995605
0.9299999999999999 0.40022945404052734
0.9339999999999999 0.4762146472930908
0.935 0.4918222427368164
0.94 0.4933161735534668
0.933 0.4926574230194092
0.9359999999999999 0.48994898796081543
0.935 0.48515915870666504
0.9390000000000001 0.5000557899475098
0.942 0.48349833488464355
0.943 0.47820019721984863
0.942 0.4814896583557129
0.9410000000000001 0.4790353775024414
0.942 0.48206186294555664
0.94 0.4855344295501709
0.94 0.48403191566467285
0.9410000000000001 0.48005008697509766
0.935 0.48355627059936523
0.9390000000000001 0.48130011558532715
