0.906 1.0965044498443604
0.913 1.1776094436645508
0.909 1.1470699310302734
0.909 1.226989984512329
0.91 1.25520658493042
0.914 1.219306230545044
0.916 1.2169678211212158
0.923 1.2400908470153809
0.924 1.232288122177124
0.929 1.2271044254302979
0.926 1.2314865589141846
0.927 1.2315504550933838
0.928 1.2172837257385254
0.926 1.218574047088623
0.9299999999999999 1.2454779148101807
0.922 1.2248177528381348
0.917 1.2290210723876953
0.914 1.2389428615570068
0.912 1.272765874862671
0.912 1.2222445011138916
